ETITLE:      TS           BOND          ANGLE          DIHED          IMPRP               ELECT            VDW       BOUNDARY           MISC        KINETIC               TOTAL           TEMP      POTENTIAL         TOTAL3        TEMPAVG            PRESSURE      GPRESSURE         VOLUME       PRESSAVG      GPRESSAVG
ENERGY:       0         0.0000         0.0000         0.0000         0.0000          -7370.0822      1016.9431         0.0000         0.0000         0.0000          -6353.1391         0.0000     -6353.1391     -6353.1202         0.0000           -175.0144      -157.2703     23823.1240      -175.0144      -157.2703
ENERGY:    5000         0.0000         0.0000         0.0000         0.0000          -5774.3732       485.2928         0.0000         0.0000       886.6662          -4402.4142       281.6861     -5289.0804     -4399.6304       214.0887           -366.8702      -330.5055     23110.1279      -208.4911      -208.5301
ENERGY:   10000         0.0000         0.0000         0.0000         0.0000          -5641.4162       467.4282         0.0000         0.0000       934.8192          -4239.1689       296.9838     -5173.9880     -4237.5213       291.1346            350.4613       363.5217     23143.4543      -173.3399      -173.3670
ENERGY:   15000         0.0000         0.0000         0.0000         0.0000          -5585.0381       398.6361         0.0000         0.0000       934.2740          -4252.1280       296.8107     -5186.4021     -4249.7682       297.8076           -412.4368      -413.2714     23010.9914      -171.8931      -171.8569
ENERGY:   20000         0.0000         0.0000         0.0000         0.0000          -5588.6696       371.9317         0.0000         0.0000       941.4886          -4275.2493       299.1027     -5216.7379     -4272.9391       294.9663           -182.5220      -174.4682     22565.0196      -206.6525      -206.5978
ENERGY:   25000         0.0000         0.0000         0.0000         0.0000          -5607.5570       399.3205         0.0000         0.0000       981.2805          -4226.9560       311.7442     -5208.2365     -4225.4791       300.1388           -277.3270      -263.4780     22829.6395      -197.8378      -197.7390
ENERGY:   30000         0.0000         0.0000         0.0000         0.0000          -5654.3625       395.4354         0.0000         0.0000       958.3286          -4300.5985       304.4526     -5258.9271     -4297.8563       300.1333           -254.2838      -232.4110     22409.2647      -257.8145      -257.6834
ENERGY:   35000         0.0000         0.0000         0.0000         0.0000          -5657.7311       428.8182         0.0000         0.0000       966.9035          -4262.0093       307.1768     -5228.9129     -4259.2200       294.4685           -430.1644      -408.5770     22680.8982      -301.0099      -301.0966
ENERGY:   40000         0.0000         0.0000         0.0000         0.0000          -5605.2532       368.9191         0.0000         0.0000       942.8688          -4293.4654       299.5411     -5236.3341     -4291.0696       295.8314           -312.4950      -290.4587     22596.1880      -177.5433      -177.5346
ENERGY:   45000         0.0000         0.0000         0.0000         0.0000          -5614.8538       376.3439         0.0000         0.0000      1002.9797          -4235.5302       318.6379     -5238.5099     -4232.9457       300.1429           -858.5259      -835.9513     22981.2024      -256.2807      -256.2932
ENERGY:   50000         0.0000         0.0000         0.0000         0.0000          -5533.0557       353.8530         0.0000         0.0000       930.6288          -4248.5739       295.6526     -5179.2028     -4245.6874       300.8914           -900.1146      -884.8524     22735.1702      -244.6993      -244.5822
ENERGY:   55000         0.0000         0.0000         0.0000         0.0000          -5592.1165       334.3702         0.0000         0.0000       966.6155          -4291.1308       307.0853     -5257.7463     -4288.6067       298.8195           -645.5887      -612.1288     22436.3897      -172.6352      -172.7013
ENERGY:   60000         0.0000         0.0000         0.0000         0.0000          -5563.4130       371.2754         0.0000         0.0000       905.8230          -4286.3146       287.7720     -5192.1376     -4283.7005       297.2424           -249.7193      -227.7685     22747.6595      -259.4036      -259.2663
ENERGY:   65000         0.0000         0.0000         0.0000         0.0000          -5541.0938       369.4631         0.0000         0.0000       998.6727          -4172.9579       317.2696     -5171.6307     -4169.1976       301.9713            198.3648       215.6559     22646.7589      -135.5412      -135.4172
ENERGY:   70000         0.0000         0.0000         0.0000         0.0000          -5544.9922       363.8940         0.0000         0.0000       936.5832          -4244.5150       297.5443     -5181.0982     -4241.9596       306.4543           -327.6625      -313.8099     22469.7539      -231.8392      -231.8178
ENERGY:   75000         0.0000         0.0000         0.0000         0.0000          -5658.0458       417.0349         0.0000         0.0000       943.7277          -4297.2832       299.8140     -5241.0109     -4296.4887       298.0385            191.8522       201.4779     22736.8271      -289.9782      -289.9437
ENERGY:   80000         0.0000         0.0000         0.0000         0.0000          -5529.8865       365.7122         0.0000         0.0000       957.3213          -4206.8531       304.1326     -5164.1743     -4204.4533       301.7604           -585.4154      -563.7987     22840.6956      -256.0301      -255.8777
ENERGY:   85000         0.0000         0.0000         0.0000         0.0000          -5580.7128       372.7143         0.0000         0.0000       927.4930          -4280.5056       294.6564     -5207.9985     -4277.3165       303.4504           -998.6497      -988.7389     23190.8673      -241.4697      -241.5914
ENERGY:   90000         0.0000         0.0000         0.0000         0.0000          -5596.0158       366.1633         0.0000         0.0000       941.9026          -4287.9499       299.2342     -5229.8525     -4286.9768       295.8384           -401.4983      -380.2387     22483.9912      -265.7107      -265.6658
ENERGY:   95000         0.0000         0.0000         0.0000         0.0000          -5508.8347       360.8848         0.0000         0.0000       928.0698          -4219.8801       294.8396     -5147.9499     -4217.3125       302.4267           -379.6681      -368.3434     22678.1784      -203.7590      -203.7849
ENERGY:  100000         0.0000         0.0000         0.0000         0.0000          -5633.9584       403.8568         0.0000         0.0000       911.5901          -4318.5114       289.6042     -5230.1015     -4315.1293       301.8308            -34.5893       -12.7392     22357.1415      -225.4682      -225.4442
ENERGY:  105000         0.0000         0.0000         0.0000         0.0000          -5601.7409       369.4363         0.0000         0.0000       964.6949          -4267.6097       306.4751     -5232.3045     -4263.9536       299.8674           -568.6521      -540.3494     22814.6426      -220.3762      -220.4976
ENERGY:  110000         0.0000         0.0000         0.0000         0.0000          -5633.8730       425.1447         0.0000         0.0000       940.3061          -4268.4222       298.7270     -5208.7283     -4265.5894       297.8690            118.3509       150.3104     22651.3067      -253.9897      -254.0664
ENERGY:  115000         0.0000         0.0000         0.0000         0.0000          -5596.6983       395.4425         0.0000         0.0000       930.9394          -4270.3164       295.7513     -5201.2559     -4267.6364       296.8486           -213.5716      -194.4506     22617.6742      -212.9956      -212.8861
ENERGY:  120000         0.0000         0.0000         0.0000         0.0000          -5652.6341       384.6359         0.0000         0.0000       923.8434          -4344.1548       293.4969     -5267.9982     -4341.8043       295.2237           -186.6674      -174.9373     22513.2042      -179.1349      -179.1850
ENERGY:  125000         0.0000         0.0000         0.0000         0.0000          -5632.6552       413.0805         0.0000         0.0000       924.7902          -4294.7844       293.7977     -5219.5747     -4293.1634       295.0312            124.8845       143.9030     22478.1178      -190.3320      -190.2972
ENERGY:  130000         0.0000         0.0000         0.0000         0.0000          -5596.4359       387.1278         0.0000         0.0000       955.9630          -4253.3452       303.7010     -5209.3081     -4252.3083       298.4665           -229.8672      -219.0181     22656.5566      -200.8236      -200.6555
ENERGY:  135000         0.0000         0.0000         0.0000         0.0000          -5430.8026       302.1493         0.0000         0.0000       939.7605          -4188.8928       298.5537     -5128.6533     -4187.1388       301.5194          -1206.2441     -1182.3940     22963.2060      -201.7390      -201.6921
ENERGY:  140000         0.0000         0.0000         0.0000         0.0000          -5585.5921       388.8211         0.0000         0.0000       957.9856          -4238.7855       304.3436     -5196.7710     -4236.6360       302.1683            287.1091       302.7960     22362.1456      -211.6208      -211.6187
ENERGY:  145000         0.0000         0.0000         0.0000         0.0000          -5626.4284       411.4111         0.0000         0.0000       946.9355          -4268.0818       300.8331     -5215.0173     -4265.9524       300.5766             54.3682        62.6420     22622.4448      -167.1992      -167.2294
ENERGY:  150000         0.0000         0.0000         0.0000         0.0000          -5523.3398       360.2314         0.0000         0.0000       956.1810          -4206.9274       303.7703     -5163.1084     -4204.6373       297.2901           -734.2217      -732.2354     23009.8243      -230.3911      -230.3729
ENERGY:  155000         0.0000         0.0000         0.0000         0.0000          -5612.8175       405.9925         0.0000         0.0000       944.9051          -4261.9198       300.1881     -5206.8250     -4260.0656       299.6980           -193.7641      -177.3394     22906.1678      -270.6857      -270.7561
ENERGY:  160000         0.0000         0.0000         0.0000         0.0000          -5597.5122       417.3299         0.0000         0.0000       908.6127          -4271.5697       288.6583     -5180.1823     -4269.3695       298.8737           -130.3060      -107.6797     22890.1031      -254.2852      -254.1438
ENERGY:  165000         0.0000         0.0000         0.0000         0.0000          -5571.5417       349.0388         0.0000         0.0000       949.3484          -4273.1545       301.5997     -5222.5029     -4270.9428       303.0324           -522.6782      -501.9778     22525.6178      -225.7087      -225.6119
ENERGY:  170000         0.0000         0.0000         0.0000         0.0000          -5703.7868       420.2589         0.0000         0.0000       931.9279          -4351.6001       296.0653     -5283.5280     -4350.0656       298.0484            255.5260       287.2878     22232.5208      -219.0172      -219.0654
ENERGY:  175000         0.0000         0.0000         0.0000         0.0000          -5626.0304       386.1792         0.0000         0.0000       943.7165          -4296.1347       299.8104     -5239.8512     -4294.8288       297.5476           -586.8304      -564.7595     22816.8931      -185.7988      -185.7843
ENERGY:  180000         0.0000         0.0000         0.0000         0.0000          -5565.2968       426.9471         0.0000         0.0000       955.5066          -4182.8431       303.5561     -5138.3497     -4181.8069       303.4220            626.0214       643.8055     22497.8158      -303.2094      -303.2201
ENERGY:  185000         0.0000         0.0000         0.0000         0.0000          -5541.0446       389.1874         0.0000         0.0000       981.4302          -4170.4270       311.7917     -5151.8572     -4169.5231       305.8123            408.4616       441.0260     22540.4705      -208.0230      -207.9701
ENERGY:  190000         0.0000         0.0000         0.0000         0.0000          -5576.0782       412.4221         0.0000         0.0000       943.6193          -4220.0369       299.7796     -5163.6562     -4218.0526       303.5897            322.0948       351.4216     22588.1257      -203.0361      -203.0141
ENERGY:  195000         0.0000         0.0000         0.0000         0.0000          -5605.0880       399.0308         0.0000         0.0000      1000.8075          -4205.2497       317.9478     -5206.0572     -4204.2689       300.6724            248.5386       267.6648     22322.3121      -179.1349      -179.0917
ENERGY:  200000         0.0000         0.0000         0.0000         0.0000          -5526.3082       329.6383         0.0000         0.0000       950.0322          -4246.6377       301.8169     -5196.6699     -4243.8464       302.7937           -769.2675      -748.5300     22622.1154      -185.6436      -185.7421
ENERGY:  205000         0.0000         0.0000         0.0000         0.0000          -5587.7366       406.1516         0.0000         0.0000       950.8867          -4230.6982       302.0884     -5181.5850     -4227.5719       301.2914            -91.8323       -68.8874     22770.3307      -264.7960      -264.7128
ENERGY:  210000         0.0000         0.0000         0.0000         0.0000          -5583.7823       386.1728         0.0000         0.0000       898.3429          -4299.2666       285.3957     -5197.6095     -4296.9253       296.1707           -185.4127      -166.2542     22670.8138      -235.4705      -235.3998
ENERGY:  215000         0.0000         0.0000         0.0000         0.0000          -5635.8752       413.7198         0.0000         0.0000       940.2661          -4281.8893       298.7143     -5222.1553     -4280.8628       297.5885            -52.6735       -44.9350     22681.4300      -153.5802      -153.4601
ENERGY:  220000         0.0000         0.0000         0.0000         0.0000          -5634.1884       476.6028         0.0000         0.0000       953.0786          -4204.5070       302.7847     -5157.5856     -4201.1226       300.3736           1271.9990      1292.7723     22631.8592      -243.9491      -243.9841
ENERGY:  225000         0.0000         0.0000         0.0000         0.0000          -5623.8307       405.8245         0.0000         0.0000       931.4251          -4286.5811       295.9056     -5218.0062     -4284.7333       299.4712           -295.3137      -269.5781     22807.0402      -196.7211      -196.8938
ENERGY:  230000         0.0000         0.0000         0.0000         0.0000          -5661.8491       439.7556         0.0000         0.0000       971.5617          -4250.5319       308.6566     -5222.0936     -4248.7949       302.0352           -217.7955      -195.4756     22970.7276      -189.9586      -189.9270
ENERGY:  235000         0.0000         0.0000         0.0000         0.0000          -5631.1977       393.0455         0.0000         0.0000       943.7442          -4294.4080       299.8192     -5238.1522     -4292.3425       298.1152           -354.7759      -344.8765     22743.7944      -196.0450      -196.0118
ENERGY:  240000         0.0000         0.0000         0.0000         0.0000          -5577.4382       367.3894         0.0000         0.0000       939.3965          -4270.6523       298.4380     -5210.0488     -4270.1630       297.7264           -429.1641      -398.2639     22634.8881      -194.9747      -195.0607
ENERGY:  245000         0.0000         0.0000         0.0000         0.0000          -5553.7670       388.3489         0.0000         0.0000       973.2454          -4192.1726       309.1915     -5165.4180     -4190.3335       303.3279           -268.2060      -270.6065     22769.4353      -148.9466      -149.0658
ENERGY:  250000         0.0000         0.0000         0.0000         0.0000          -5493.1889       335.0702         0.0000         0.0000       932.8559          -4225.2628       296.3601     -5158.1187     -4223.6190       300.7770           -988.0847      -973.1987     23038.6804      -186.9850      -187.0353
ENERGY:  255000         0.0000         0.0000         0.0000         0.0000          -5679.5598       436.1221         0.0000         0.0000       944.9872          -4298.4505       300.2141     -5243.4377     -4296.3524       299.0861            443.1668       478.5506     22431.8604      -202.8523      -202.8135
ENERGY:  260000         0.0000         0.0000         0.0000         0.0000          -5595.3210       412.0081         0.0000         0.0000       963.6575          -4219.6554       306.1455     -5183.3129     -4216.6792       299.6390            171.6013       196.7812     22762.8526      -177.0900      -177.0917
ENERGY:  265000         0.0000         0.0000         0.0000         0.0000          -5551.1487       348.9178         0.0000         0.0000       962.1666          -4240.0643       305.6719     -5202.2309     -4237.3428       298.9782             20.2762        53.9196     22220.2970      -214.9074      -214.8897
ENERGY:  270000         0.0000         0.0000         0.0000         0.0000          -5595.2726       384.9866         0.0000         0.0000       913.3177          -4296.9684       290.1530     -5210.2861     -4294.2316       300.7257           -274.6690      -246.9137     22645.0880      -235.6037      -235.5617
ENERGY:  275000         0.0000         0.0000         0.0000         0.0000          -5587.1689       383.0436         0.0000         0.0000       931.4652          -4272.6600       295.9183     -5204.1252     -4270.1787       298.0320           -327.9220      -308.6226     22819.8280      -178.4983      -178.5323
ENERGY:  280000         0.0000         0.0000         0.0000         0.0000          -5596.8205       360.9807         0.0000         0.0000       927.5617          -4308.2781       294.6782     -5235.8398     -4307.0551       297.7792           -386.8474      -353.9902     22404.7424      -178.4921      -178.4106
ENERGY:  285000         0.0000         0.0000         0.0000         0.0000          -5585.8960       370.0419         0.0000         0.0000       919.1246          -4296.7295       291.9978     -5215.8541     -4294.6980       295.9762           -110.2256       -81.7481     22558.1823      -262.4814      -262.4605
ENERGY:  290000         0.0000         0.0000         0.0000         0.0000          -5592.7608       431.6395         0.0000         0.0000       939.7584          -4221.3629       298.5530     -5161.1213     -4219.1186       303.1098             97.0629       103.0200     22911.8123      -261.1434      -261.0361
ENERGY:  295000         0.0000         0.0000         0.0000         0.0000          -5737.8852       465.8048         0.0000         0.0000       955.4305          -4316.6499       303.5319     -5272.0804     -4313.5203       299.1502            345.8532       375.0724     22683.8308      -182.9230      -183.0422
ENERGY:  300000         0.0000         0.0000         0.0000         0.0000          -5710.8073       423.6819         0.0000         0.0000       939.8611          -4347.2642       298.5856     -5287.1253     -4344.4238       295.3704             30.8176        54.4119     22423.3401      -193.8593      -193.9795
ENERGY:  305000         0.0000         0.0000         0.0000         0.0000          -5635.3328       423.8493         0.0000         0.0000       981.3940          -4230.0895       311.7803     -5211.4834     -4228.1512       293.4758             84.7277       115.4873     22637.9692      -224.6132      -224.5260
ENERGY:  310000         0.0000         0.0000         0.0000         0.0000          -5599.8662       398.1472         0.0000         0.0000       961.8925          -4239.8265       305.5848     -5201.7190     -4237.7082       297.9047             20.9019        43.5962     22587.4653      -192.6117      -192.5951
ENERGY:  315000         0.0000         0.0000         0.0000         0.0000          -5575.4724       385.7530         0.0000         0.0000       928.7694          -4260.9499       295.0619     -5189.7193     -4257.7850       297.3987           -163.2717      -142.1914     22709.0683      -206.2561      -206.5192
ENERGY:  320000         0.0000         0.0000         0.0000         0.0000          -5513.2358       374.2150         0.0000         0.0000       948.2873          -4190.7335       301.2625     -5139.0208     -4188.1487       303.8488           -577.9041      -555.7433     23045.9448      -254.8538      -254.9011
ENERGY:  325000         0.0000         0.0000         0.0000         0.0000          -5554.2066       362.3876         0.0000         0.0000       985.3960          -4206.4231       313.0517     -5191.8191     -4204.7230       302.5629           -729.7688      -700.9736     22740.7032      -229.2870      -229.4015
ENERGY:  330000         0.0000         0.0000         0.0000         0.0000          -5630.4269       424.4439         0.0000         0.0000       995.9978          -4209.9852       316.4198     -5205.9831     -4207.1992       303.7103            425.4569       448.3269     22622.1151      -230.7184      -230.8478
ENERGY:  335000         0.0000         0.0000         0.0000         0.0000          -5566.4095       372.9232         0.0000         0.0000       966.0255          -4227.4609       306.8978     -5193.4863     -4224.9694       300.3094           -398.0703      -372.3634     22452.6316      -175.7807      -175.8517
ENERGY:  340000         0.0000         0.0000         0.0000         0.0000          -5596.2797       383.8137         0.0000         0.0000       932.4062          -4280.0598       296.2173     -5212.4660     -4277.8988       298.7694           -442.8623      -416.7149     22677.7965      -268.6596      -268.5642
ENERGY:  345000         0.0000         0.0000         0.0000         0.0000          -5637.4788       435.8702         0.0000         0.0000       970.2971          -4231.3116       308.2549     -5201.6086     -4229.3594       298.8763            489.0858       491.4822     22527.2681      -227.5690      -227.3961
ENERGY:  350000         0.0000         0.0000         0.0000         0.0000          -5632.0932       418.9414         0.0000         0.0000       945.7217          -4267.4301       300.4475     -5213.1518     -4265.7301       298.8212           -294.0250      -270.5401     22880.7213      -219.1449      -219.1378
ENERGY:  355000         0.0000         0.0000         0.0000         0.0000          -5590.7696       409.8537         0.0000         0.0000       944.3783          -4236.5376       300.0207     -5180.9159     -4233.9594       298.4695             88.8402       114.4574     22615.3342      -212.7044      -212.7810
ENERGY:  360000         0.0000         0.0000         0.0000         0.0000          -5631.9263       397.6768         0.0000         0.0000       934.4997          -4299.7499       296.8824     -5234.2496     -4298.0082       298.0562           -348.6598      -326.9654     22725.5751      -241.0460      -240.8888
ENERGY:  365000         0.0000         0.0000         0.0000         0.0000          -5555.2573       351.4614         0.0000         0.0000       956.2368          -4247.5591       303.7880     -5203.7959     -4244.3924       299.0832           -442.2784      -417.3416     22637.4141      -260.1139      -260.0936
ENERGY:  370000         0.0000         0.0000         0.0000         0.0000          -5519.0200       332.0082         0.0000         0.0000       906.6421          -4280.3698       288.0322     -5187.0119     -4278.8473       301.1760           -640.5220      -629.1577     22637.3517      -193.5569      -193.7751
ENERGY:  375000         0.0000         0.0000         0.0000         0.0000          -5517.6051       342.8325         0.0000         0.0000       932.2100          -4242.5627       296.1549     -5174.7727     -4241.0962       297.5087           -472.9619      -451.7579     22581.4958      -205.2602      -205.1591
ENERGY:  380000         0.0000         0.0000         0.0000         0.0000          -5659.5596       432.8680         0.0000         0.0000       938.8546          -4287.8370       298.2659     -5226.6916     -4285.4164       300.2527            245.3845       268.2085     22546.3858      -205.3699      -205.5053
ENERGY:  385000         0.0000         0.0000         0.0000         0.0000          -5673.2611       418.2182         0.0000         0.0000       909.0964          -4345.9466       288.8119     -5255.0430     -4345.2894       294.5936            -25.8689        -9.3971     22534.2376      -207.9157      -207.8551
ENERGY:  390000         0.0000         0.0000         0.0000         0.0000          -5567.5738       406.2034         0.0000         0.0000       949.0397          -4212.3306       301.5016     -5161.3704     -4209.0813       297.6696           -110.4957       -98.4040     22802.1422      -252.2206      -252.1533
ENERGY:  395000         0.0000         0.0000         0.0000         0.0000          -5697.9842       402.4630         0.0000         0.0000       959.0205          -4336.5006       304.6724     -5295.5212     -4334.0545       303.6219           -266.5711      -239.1404     22509.4051      -214.6806      -214.7374
ENERGY:  400000         0.0000         0.0000         0.0000         0.0000          -5618.3476       386.2363         0.0000         0.0000       939.1163          -4292.9950       298.3490     -5232.1113     -4291.1276       295.8604             13.9860        29.6512     22468.1607      -250.4553      -250.6117
ENERGY:  405000         0.0000         0.0000         0.0000         0.0000          -5515.2795       331.1373         0.0000         0.0000       913.1508          -4270.9914       290.1000     -5184.1422     -4268.5920       300.0185          -1047.0792     -1047.4970     22760.9086      -217.5497      -217.5130
ENERGY:  410000         0.0000         0.0000         0.0000         0.0000          -5694.3725       434.5749         0.0000         0.0000       954.4038          -4305.3938       303.2057     -5259.7976     -4302.8816       296.1203            328.7269       350.9161     22436.1138      -260.4729      -260.5199
ENERGY:  415000         0.0000         0.0000         0.0000         0.0000          -5589.5316       390.0172         0.0000         0.0000       942.5399          -4256.9745       299.4367     -5199.5144     -4254.7092       297.8739            -33.1025       -17.5306     22646.3380      -234.2132      -234.2182
ENERGY:  420000         0.0000         0.0000         0.0000         0.0000          -5573.5461       414.6464         0.0000         0.0000       950.0425          -4208.8572       301.8202     -5158.8997     -4206.8040       301.4028            -91.0077       -79.1456     22826.8937      -232.3589      -232.1792
ENERGY:  425000         0.0000         0.0000         0.0000         0.0000          -5576.8681       378.1149         0.0000         0.0000       885.9539          -4312.7993       281.4598     -5198.7532     -4310.7415       297.8124           -498.4176      -467.9592     22844.0913      -227.6889      -227.8716
ENERGY:  430000         0.0000         0.0000         0.0000         0.0000          -5665.7498       427.2803         0.0000         0.0000       943.3678          -4295.1017       299.6997     -5238.4695     -4293.1250       295.3612           -105.9670       -82.1509     22789.1726      -202.7149      -202.7173
ENERGY:  435000         0.0000         0.0000         0.0000         0.0000          -5714.6404       476.9091         0.0000         0.0000       958.0187          -4279.7125       304.3541     -5237.7312     -4276.5182       297.9028            380.7764       399.1941     22898.0344      -166.9209      -166.8918
ENERGY:  440000         0.0000         0.0000         0.0000         0.0000          -5582.9168       381.8633         0.0000         0.0000       936.8003          -4264.2532       297.6132     -5201.0535     -4261.4765       294.6360           -320.1902      -285.1579     22625.8630      -235.8050      -235.7760
ENERGY:  445000         0.0000         0.0000         0.0000         0.0000          -5600.6913       414.3063         0.0000         0.0000       925.0782          -4261.3068       293.8892     -5186.3850     -4259.6937       297.6788             84.9492       107.8917     22749.0085      -210.3125      -210.4169
ENERGY:  450000         0.0000         0.0000         0.0000         0.0000          -5551.8637       396.5361         0.0000         0.0000       934.9116          -4220.4160       297.0132     -5155.3277     -4217.8018       300.8921           -145.6275      -118.6939     22833.5063      -169.1605      -169.2212
ENERGY:  455000         0.0000         0.0000         0.0000         0.0000          -5537.6924       373.0056         0.0000         0.0000       925.5798          -4239.1070       294.0486     -5164.6868     -4237.6093       303.5221           -393.2787      -377.1665     22738.7562      -299.3225      -299.0495
ENERGY:  460000         0.0000         0.0000         0.0000         0.0000          -5562.3172       400.6594         0.0000         0.0000       883.6153          -4278.0425       280.7168     -5161.6578     -4276.2956       302.5724           -286.1971      -261.7851     22880.0998      -217.3612      -217.4412
ENERGY:  465000         0.0000         0.0000         0.0000         0.0000          -5586.7865       385.6923         0.0000         0.0000       943.6977          -4257.3964       299.8045     -5201.0942     -4255.0526       296.8560           -530.0536      -508.7429     22781.7224      -231.3342      -231.3338
ENERGY:  470000         0.0000         0.0000         0.0000         0.0000          -5621.8055       424.0807         0.0000         0.0000       969.7200          -4228.0049       308.0715     -5197.7248     -4227.2738       300.1354            260.2659       297.4658     22604.9674      -196.7130      -196.4729
ENERGY:  475000         0.0000         0.0000         0.0000         0.0000          -5584.7419       375.7889         0.0000         0.0000       946.7058          -4262.2471       300.7601     -5208.9529     -4260.1473       300.7378           -561.4581      -539.3445     22859.4977      -214.7239      -214.7258
ENERGY:  480000         0.0000         0.0000         0.0000         0.0000          -5596.9894       377.7745         0.0000         0.0000       927.8046          -4291.4103       294.7554     -5219.2149     -4288.7523       294.9472           -486.5455      -467.2640     22746.5610      -141.7161      -141.6322
ENERGY:  485000         0.0000         0.0000         0.0000         0.0000          -5642.9728       424.7541         0.0000         0.0000       921.2956          -4296.9231       292.6875     -5218.2187     -4294.2587       298.1480             23.0709        45.5524     22807.3223      -203.4486      -203.4051
ENERGY:  490000         0.0000         0.0000         0.0000         0.0000          -5542.1971       373.6732         0.0000         0.0000       931.9665          -4236.5573       296.0776     -5168.5238     -4234.2740       298.4206           -249.7458      -221.7660     22661.3089      -224.0454      -223.9940
ENERGY:  495000         0.0000         0.0000         0.0000         0.0000          -5551.5816       382.5351         0.0000         0.0000       959.9141          -4209.1324       304.9563     -5169.0465     -4208.0022       303.6028           -438.7324      -410.2208     22842.8934      -262.2036      -262.1892
ENERGY:  500000         0.0000         0.0000         0.0000         0.0000          -5562.5569       350.6626         0.0000         0.0000       943.1483          -4268.7460       299.6299     -5211.8943     -4267.2626       301.3831           -657.5825      -637.5989     22769.0011      -171.5561      -171.4683
