# frame +z -z 
10 0 0
20 0 0
30 0 0
40 0 0
50 0 0
60 0 0
70 0 0
80 0 0
90 0 0
100 0 0
110 0 0
120 0 0
130 0 0
140 0 0
150 0 0
160 0 0
170 0 0
180 0 0
190 0 0
200 0 0
210 0 0
220 0 0
230 1 0
240 1 0
250 1 1
260 1 2
270 1 2
280 1 3
290 2 3
300 2 3
310 2 3
320 3 3
330 3 4
340 3 4
350 3 4
360 3 4
370 3 4
380 3 4
390 3 4
400 3 4
410 4 4
420 4 4
430 5 4
440 5 4
450 6 4
460 6 4
470 7 4
480 7 4
490 9 4
500 9 4
510 10 4
520 10 4
530 10 4
540 10 4
550 10 4
560 10 4
570 10 4
580 10 4
590 10 4
600 10 5
610 10 5
620 10 5
630 10 5
640 10 6
650 10 7
660 10 7
670 10 7
680 10 7
690 10 7
700 10 7
710 10 7
720 10 8
730 10 8
740 10 9
750 10 9
760 10 9
770 10 10
780 10 10
790 10 10
800 10 11
810 10 12
820 10 12
830 10 12
840 10 12
850 10 12
860 10 12
870 10 12
880 10 12
890 10 12
900 10 12
910 10 12
920 10 12
930 10 13
940 10 13
950 10 13
960 10 13
970 11 13
980 11 14
990 11 15
1000 11 15
