ETITLE:      TS           BOND          ANGLE          DIHED          IMPRP               ELECT            VDW       BOUNDARY           MISC        KINETIC               TOTAL           TEMP      POTENTIAL         TOTAL3        TEMPAVG            PRESSURE      GPRESSURE         VOLUME       PRESSAVG      GPRESSAVG
ENERGY:       0         0.0000         0.0000         0.0000         0.0000          -5460.6262       775.2764         0.0000         0.0000         0.0000          -4685.3498         0.0000     -4685.3498     -4684.5917         0.0000           6516.2575      6528.3351     23823.1240      6516.2575      6528.3351
ENERGY:    5000         0.0000         0.0000         0.0000         0.0000          -5649.0839       464.2276         0.0000         0.0000       960.6288          -4224.2275       305.1833     -5184.8563     -4224.0377       278.5424           -308.2294      -287.5466     23350.2280      -177.4407      -177.4024
ENERGY:   10000         0.0000         0.0000         0.0000         0.0000          -5589.4164       424.2014         0.0000         0.0000       949.5606          -4215.6543       301.6671     -5165.2149     -4212.4673       301.1540           -534.2457      -523.2013     23268.0202      -153.8366      -153.7002
ENERGY:   15000         0.0000         0.0000         0.0000         0.0000          -5483.4381       329.3456         0.0000         0.0000       941.4925          -4212.5999       299.1039     -5154.0925     -4210.5432       300.2384           -726.3694      -706.6057     22516.4582      -159.7669      -159.8045
ENERGY:   20000         0.0000         0.0000         0.0000         0.0000          -5605.5412       396.6570         0.0000         0.0000       924.9146          -4283.9696       293.8372     -5208.8841     -4282.4728       299.4296           -277.9394      -251.0035     22925.4074      -197.0241      -197.0403
ENERGY:   25000         0.0000         0.0000         0.0000         0.0000          -5657.8329       406.2318         0.0000         0.0000       930.5382          -4321.0629       295.6238     -5251.6011     -4319.8604       295.8002           -145.6114      -117.6792     22472.8358      -226.9742      -226.9652
ENERGY:   30000         0.0000         0.0000         0.0000         0.0000          -5605.1850       407.9247         0.0000         0.0000       940.2733          -4256.9870       298.7166     -5197.2603     -4254.3538       295.5510           -211.8532      -211.5736     22816.1012      -188.8900      -188.9736
ENERGY:   35000         0.0000         0.0000         0.0000         0.0000          -5596.5365       387.9516         0.0000         0.0000       971.7823          -4236.8027       308.7267     -5208.5849     -4234.6908       298.3431           -215.1960      -211.1530     22655.2080      -267.6487      -267.6888
ENERGY:   40000         0.0000         0.0000         0.0000         0.0000          -5529.8436       385.3825         0.0000         0.0000       910.0836          -4234.3775       289.1256     -5144.4611     -4231.3143       304.2712             -9.0701        10.8764     22819.4380      -257.0269      -256.9216
ENERGY:   45000         0.0000         0.0000         0.0000         0.0000          -5623.2471       396.9285         0.0000         0.0000       969.5189          -4256.7997       308.0076     -5226.3186     -4255.3505       297.2045           -318.3519      -294.1909     22782.9005      -288.9054      -289.0490
ENERGY:   50000         0.0000         0.0000         0.0000         0.0000          -5630.2973       363.0214         0.0000         0.0000       926.9795          -4340.2963       294.4933     -5267.2759     -4337.7235       292.1627           -744.1782      -714.7742     22548.8241      -274.7994      -274.9014
ENERGY:   55000         0.0000         0.0000         0.0000         0.0000          -5669.1083       425.1739         0.0000         0.0000       922.3827          -4321.5517       293.0329     -5243.9344     -4319.1617       295.9703           -114.4678       -89.9058     22591.7499      -265.3716      -265.3606
ENERGY:   60000         0.0000         0.0000         0.0000         0.0000          -5565.3790       379.1072         0.0000         0.0000       953.6919          -4232.5799       302.9795     -5186.2718     -4231.1838       296.2424           -135.6713      -127.2698     22515.1776      -282.6926      -282.6491
ENERGY:   65000         0.0000         0.0000         0.0000         0.0000          -5605.7836       409.9179         0.0000         0.0000       972.2643          -4223.6015       308.8798     -5195.8658     -4223.3003       302.4806            181.8986       199.4187     22606.6473      -282.9140      -283.0216
ENERGY:   70000         0.0000         0.0000         0.0000         0.0000          -5612.4801       395.4632         0.0000         0.0000       958.6450          -4258.3719       304.5531     -5217.0169     -4254.7051       300.8449           -106.0670       -79.2710     22677.3474      -230.4698      -230.4416
ENERGY:   75000         0.0000         0.0000         0.0000         0.0000          -5615.8521       430.7220         0.0000         0.0000       963.7160          -4221.4141       306.1641     -5185.1301     -4218.3163       300.3382            285.9259       297.0598     22807.1225      -275.7490      -275.6858
ENERGY:   80000         0.0000         0.0000         0.0000         0.0000          -5607.1444       410.0115         0.0000         0.0000       946.2171          -4250.9159       300.6049     -5197.1330     -4248.3930       303.5659           -370.0239      -357.5931     23069.9064      -196.2760      -196.2608
ENERGY:   85000         0.0000         0.0000         0.0000         0.0000          -5664.5596       453.4489         0.0000         0.0000       932.2733          -4278.8374       296.1750     -5211.1107     -4276.7890       299.2115            898.8234       929.2195     22736.7871      -176.1816      -176.1723
ENERGY:   90000         0.0000         0.0000         0.0000         0.0000          -5627.4956       434.7520         0.0000         0.0000       930.4653          -4262.2783       295.6007     -5192.7436     -4260.0416       298.2617            291.4078       321.3330     22846.8472      -222.9998      -223.1277
ENERGY:   95000         0.0000         0.0000         0.0000         0.0000          -5530.0765       338.8887         0.0000         0.0000       945.1031          -4246.0847       300.2510     -5191.1878     -4243.4173       298.0115           -557.9229      -553.8167     22690.2266      -291.8370      -291.7393
ENERGY:  100000         0.0000         0.0000         0.0000         0.0000          -5636.2642       447.7438         0.0000         0.0000       950.0452          -4238.4752       301.8210     -5188.5204     -4236.5191       297.5500            357.5836       382.2200     22823.6880      -187.2469      -187.2149
ENERGY:  105000         0.0000         0.0000         0.0000         0.0000          -5599.4454       374.6428         0.0000         0.0000       970.1021          -4254.7005       308.1929     -5224.8026     -4252.8477       298.1965           -501.1525      -485.5516     22843.2859      -212.8408      -212.8816
ENERGY:  110000         0.0000         0.0000         0.0000         0.0000          -5588.2484       409.0721         0.0000         0.0000       957.3960          -4221.7803       304.1563     -5179.1764     -4219.4393       302.5462           -129.1058      -101.9192     22770.7958      -214.8733      -214.8424
ENERGY:  115000         0.0000         0.0000         0.0000         0.0000          -5568.1216       326.6525         0.0000         0.0000       920.5014          -4320.9677       292.4352     -5241.4691     -4318.4757       300.1967          -1269.0266     -1248.9263     22995.5036      -263.4941      -263.4739
ENERGY:  120000         0.0000         0.0000         0.0000         0.0000          -5625.4123       390.1354         0.0000         0.0000       939.4022          -4295.8746       298.4398     -5235.2768     -4293.9642       295.7627           -229.1872      -212.0011     22649.0472      -189.8782      -189.8123
ENERGY:  125000         0.0000         0.0000         0.0000         0.0000          -5601.2888       409.9309         0.0000         0.0000       937.5917          -4253.7662       297.8646     -5191.3579     -4250.1692       295.2930            509.2255       530.7488     22354.9371      -184.9929      -184.8739
ENERGY:  130000         0.0000         0.0000         0.0000         0.0000          -5617.0130       408.1522         0.0000         0.0000       913.6487          -4295.2120       290.2582     -5208.8608     -4293.3160       298.4113           -164.6232      -146.1862     22694.6656      -261.0328      -261.1470
ENERGY:  135000         0.0000         0.0000         0.0000         0.0000          -5552.8490       370.8509         0.0000         0.0000       925.5399          -4256.4582       294.0359     -5181.9980     -4255.6628       298.5889           -268.0737      -240.1498     22644.9296      -239.5867      -239.6607
ENERGY:  140000         0.0000         0.0000         0.0000         0.0000          -5504.8180       317.4331         0.0000         0.0000       941.9846          -4245.4002       299.2602     -5187.3848     -4243.3856       298.9088           -750.2581      -724.6193     22562.4140      -233.0593      -232.8324
ENERGY:  145000         0.0000         0.0000         0.0000         0.0000          -5571.7103       381.3295         0.0000         0.0000       929.1539          -4261.2270       295.1840     -5190.3808     -4257.9186       301.4523           -619.0541      -593.2459     22733.9443      -233.8918      -233.8175
ENERGY:  150000         0.0000         0.0000         0.0000         0.0000          -5650.7663       411.4627         0.0000         0.0000       927.3395          -4311.9640       294.6076     -5239.3036     -4309.3105       300.6645            533.9896       552.4889     22186.9068      -210.0641      -210.0312
ENERGY:  155000         0.0000         0.0000         0.0000         0.0000          -5542.6170       365.2820         0.0000         0.0000       917.1088          -4260.2263       291.3574     -5177.3350     -4258.4908       298.8213           -563.5333      -534.0493     22784.3826      -282.6892      -282.8385
ENERGY:  160000         0.0000         0.0000         0.0000         0.0000          -5576.9933       372.1675         0.0000         0.0000       947.2897          -4257.5361       300.9456     -5204.8257     -4255.6516       299.7996           -244.3277      -227.6272     22650.9037      -259.8226      -259.8157
ENERGY:  165000         0.0000         0.0000         0.0000         0.0000          -5635.6482       418.4729         0.0000         0.0000       961.0426          -4256.1327       305.3148     -5217.1753     -4254.1656       300.7267           -104.8854       -79.3681     22652.2878      -142.7397      -142.7264
ENERGY:  170000         0.0000         0.0000         0.0000         0.0000          -5594.4997       423.3640         0.0000         0.0000       918.4912          -4252.6445       291.7966     -5171.1357     -4250.0531       301.1600            246.7702       260.5847     22632.1110      -226.9730      -227.0139
ENERGY:  175000         0.0000         0.0000         0.0000         0.0000          -5661.7635       416.2162         0.0000         0.0000       918.1283          -4327.4190       291.6813     -5245.5473     -4324.3372       298.6544           -296.6380      -285.2277     22760.3206      -240.2148      -240.2100
ENERGY:  180000         0.0000         0.0000         0.0000         0.0000          -5659.1591       430.6169         0.0000         0.0000       956.6060          -4271.9362       303.9053     -5228.5422     -4270.5106       297.8279            425.3095       445.1884     22329.7731      -161.1418      -161.0095
ENERGY:  185000         0.0000         0.0000         0.0000         0.0000          -5689.5522       445.1708         0.0000         0.0000       925.2109          -4319.1705       293.9314     -5244.3814     -4316.7383       294.6674            323.0045       339.1735     22643.1974      -215.0752      -214.8147
ENERGY:  190000         0.0000         0.0000         0.0000         0.0000          -5635.6489       412.0473         0.0000         0.0000       915.5393          -4308.0624       290.8588     -5223.6017     -4306.6772       293.1055           -285.4950      -261.3291     22931.6660      -206.6786      -206.5508
ENERGY:  195000         0.0000         0.0000         0.0000         0.0000          -5524.1576       363.6682         0.0000         0.0000       941.8687          -4218.6208       299.2234     -5160.4894     -4217.1332       295.3330           -625.2642      -605.1959     23082.6112      -208.4358      -208.2866
ENERGY:  200000         0.0000         0.0000         0.0000         0.0000          -5596.9176       349.0431         0.0000         0.0000       973.0194          -4274.8551       309.1197     -5247.8745     -4272.8706       299.6639           -433.5600      -423.9775     22430.7195      -239.0161      -239.1470
ENERGY:  205000         0.0000         0.0000         0.0000         0.0000          -5604.6589       396.2220         0.0000         0.0000       922.9826          -4285.4544       293.2235     -5208.4370     -4283.0086       295.1521           -161.1550      -140.9041     22761.8569      -211.1331      -211.0530
ENERGY:  210000         0.0000         0.0000         0.0000         0.0000          -5522.8338       364.4343         0.0000         0.0000       965.0005          -4193.3989       306.5722     -5158.3995     -4192.3894       303.8234           -467.7545      -440.6906     22848.3528      -244.1151      -244.0715
ENERGY:  215000         0.0000         0.0000         0.0000         0.0000          -5652.4917       446.9122         0.0000         0.0000       927.3219          -4278.2576       294.6020     -5205.5795     -4276.0421       296.5126           -129.7776      -114.8461     22986.5331      -215.0291      -215.1122
ENERGY:  220000         0.0000         0.0000         0.0000         0.0000          -5567.6693       414.5734         0.0000         0.0000       968.5733          -4184.5226       307.7072     -5153.0959     -4181.9642       300.3787            509.0257       524.2463     22773.6989      -289.4105      -289.5532
ENERGY:  225000         0.0000         0.0000         0.0000         0.0000          -5613.5070       401.0935         0.0000         0.0000      1002.1371          -4210.2764       318.3701     -5212.4135     -4207.9030       302.5491           -199.1956      -181.7302     22718.0229      -225.4318      -225.3758
ENERGY:  230000         0.0000         0.0000         0.0000         0.0000          -5704.2736       448.5588         0.0000         0.0000       973.6106          -4282.1042       309.3076     -5255.7148     -4280.4317       298.8086            562.0820       581.9524     22637.7572      -252.4402      -252.3218
ENERGY:  235000         0.0000         0.0000         0.0000         0.0000          -5602.9620       381.1702         0.0000         0.0000       958.7195          -4263.0723       304.5768     -5221.7918     -4261.1680       297.6683           -232.0328      -223.2619     22773.9516      -235.8287      -235.7504
ENERGY:  240000         0.0000         0.0000         0.0000         0.0000          -5683.1770       438.8507         0.0000         0.0000       933.5008          -4310.8256       296.5650     -5244.3264     -4308.9108       295.2510            434.9198       453.9817     22436.6508      -256.9117      -257.0535
ENERGY:  245000         0.0000         0.0000         0.0000         0.0000          -5572.5004       340.0198         0.0000         0.0000       923.8547          -4308.6259       293.5005     -5232.4806     -4306.6678       300.5216          -1094.1991     -1082.4194     22801.1166      -163.8346      -163.8527
ENERGY:  250000         0.0000         0.0000         0.0000         0.0000          -5580.4514       423.3232         0.0000         0.0000       914.1999          -4242.9283       290.4333     -5157.1283     -4241.9514       296.0971            197.7295       227.3470     22838.9942      -242.2115      -242.1634
ENERGY:  255000         0.0000         0.0000         0.0000         0.0000          -5590.7464       414.1065         0.0000         0.0000       944.9829          -4231.6570       300.2128     -5176.6399     -4228.9520       303.4494            226.6621       253.9436     22837.3686      -185.1080      -185.0089
ENERGY:  260000         0.0000         0.0000         0.0000         0.0000          -5513.8093       353.4671         0.0000         0.0000       910.9655          -4249.3768       289.4057     -5160.3423     -4247.1546       296.7418          -1053.6429     -1042.8095     22979.7978      -263.8745      -263.7039
ENERGY:  265000         0.0000         0.0000         0.0000         0.0000          -5642.1317       386.2237         0.0000         0.0000       917.6942          -4338.2138       291.5434     -5255.9080     -4336.6796       295.3525           -109.8843       -95.1893     22407.9093      -282.1719      -282.2178
ENERGY:  270000         0.0000         0.0000         0.0000         0.0000          -5604.8502       404.3171         0.0000         0.0000       985.3753          -4215.1579       313.0451     -5200.5331     -4213.6675       301.6729            175.2967       195.9749     22373.5085      -273.0391      -272.8396
ENERGY:  275000         0.0000         0.0000         0.0000         0.0000          -5500.7200       325.8822         0.0000         0.0000       960.6403          -4214.1975       305.1870     -5174.8378     -4212.3270       302.8402           -979.6971      -967.9094     22796.0508      -199.6235      -199.7490
ENERGY:  280000         0.0000         0.0000         0.0000         0.0000          -5609.8200       427.6709         0.0000         0.0000       932.0542          -4250.0950       296.1054     -5182.1492     -4247.9743       299.0309           -161.9038      -133.4914     22902.1855      -255.6680      -255.8422
ENERGY:  285000         0.0000         0.0000         0.0000         0.0000          -5636.8720       410.2278         0.0000         0.0000       958.5022          -4268.1419       304.5077     -5226.6442     -4265.6891       300.2429           -295.1615      -271.7635     22752.2920      -237.7941      -237.7743
ENERGY:  290000         0.0000         0.0000         0.0000         0.0000          -5660.3191       417.3186         0.0000         0.0000       938.6899          -4304.3106       298.2135     -5243.0005     -4302.9664       298.6278             -9.8513        22.9470     22562.5848      -234.3906      -234.4472
ENERGY:  295000         0.0000         0.0000         0.0000         0.0000          -5633.1968       387.0983         0.0000         0.0000       950.6816          -4295.4168       302.0232     -5246.0984     -4293.2776       293.4859           -422.6236      -401.8742     22415.4735      -193.7066      -193.7842
ENERGY:  300000         0.0000         0.0000         0.0000         0.0000          -5607.7646       385.2872         0.0000         0.0000       924.7201          -4297.7574       293.7754     -5222.4774     -4295.7814       299.3218           -493.6831      -463.3152     22853.9935      -271.8020      -271.7679
ENERGY:  305000         0.0000         0.0000         0.0000         0.0000          -5613.1770       379.7438         0.0000         0.0000       961.2446          -4272.1886       305.3790     -5233.4332     -4270.0487       298.9222           -698.1451      -673.3988     22770.2949      -223.9475      -224.0590
ENERGY:  310000         0.0000         0.0000         0.0000         0.0000          -5538.9489       392.7568         0.0000         0.0000       945.9240          -4200.2681       300.5117     -5146.1921     -4197.3739       304.4735           -319.8664      -300.1729     22953.5217      -200.6288      -200.5393
ENERGY:  315000         0.0000         0.0000         0.0000         0.0000          -5586.4808       414.7209         0.0000         0.0000       945.2549          -4226.5050       300.2992     -5171.7599     -4224.4645       299.9999            197.4312       221.8384     22669.7727      -238.6973      -238.8495
ENERGY:  320000         0.0000         0.0000         0.0000         0.0000          -5512.2825       360.0289         0.0000         0.0000       945.5659          -4206.6878       300.3980     -5152.2537     -4204.7710       305.0458             -3.8909        16.4307     22494.7559      -232.4333      -232.2858
ENERGY:  325000         0.0000         0.0000         0.0000         0.0000          -5656.2755       473.5403         0.0000         0.0000       915.0691          -4267.6661       290.7094     -5182.7352     -4265.7376       301.6065            375.6876       378.1635     22971.5219      -238.1065      -238.1352
ENERGY:  330000         0.0000         0.0000         0.0000         0.0000          -5692.1982       432.5752         0.0000         0.0000       941.2984          -4318.3246       299.0422     -5259.6230     -4317.1589       298.1616             92.3331       118.5170     22508.1334      -242.0601      -241.9237
ENERGY:  335000         0.0000         0.0000         0.0000         0.0000          -5596.0008       404.6598         0.0000         0.0000      1005.1902          -4186.1507       319.3401     -5191.3410     -4184.4274       298.8591            -62.6700       -34.9093     22814.4768      -201.3503      -201.2968
ENERGY:  340000         0.0000         0.0000         0.0000         0.0000          -5647.5374       390.9530         0.0000         0.0000       935.8881          -4320.6962       297.3234     -5256.5844     -4318.1418       298.4824           -369.4273      -338.5768     22460.3643      -248.3604      -248.4523
ENERGY:  345000         0.0000         0.0000         0.0000         0.0000          -5555.1356       375.7884         0.0000         0.0000       941.4209          -4237.9262       299.0812     -5179.3471     -4236.4014       301.3809           -367.0188      -351.3526     22821.8535      -288.9041      -288.8645
ENERGY:  350000         0.0000         0.0000         0.0000         0.0000          -5597.3102       389.2414         0.0000         0.0000       946.4045          -4261.6643       300.6644     -5208.0688     -4259.9485       300.3391           -475.0763      -469.8349     22893.2651      -184.2407      -184.2540
ENERGY:  355000         0.0000         0.0000         0.0000         0.0000          -5574.8479       373.4507         0.0000         0.0000       898.5151          -4302.8820       285.4504     -5201.3971     -4301.9065       299.1123           -782.8376      -763.6837     23120.3055      -170.4804      -170.6370
ENERGY:  360000         0.0000         0.0000         0.0000         0.0000          -5608.7653       406.1662         0.0000         0.0000       949.2214          -4253.3777       301.5593     -5202.5991     -4252.3037       296.4781           -195.1658      -188.4196     22845.1050      -275.0867      -275.0119
ENERGY:  365000         0.0000         0.0000         0.0000         0.0000          -5667.5234       431.4048         0.0000         0.0000       958.4786          -4277.6400       304.5002     -5236.1186     -4274.9191       298.7440           -203.6834      -177.4263     23138.6205      -238.9018      -238.8650
ENERGY:  370000         0.0000         0.0000         0.0000         0.0000          -5610.1296       452.5621         0.0000         0.0000       905.7754          -4251.7921       287.7569     -5157.5675     -4250.0672       293.7292            344.2841       365.9744     22885.0435      -243.9905      -243.9838
ENERGY:  375000         0.0000         0.0000         0.0000         0.0000          -5556.3579       399.1190         0.0000         0.0000       902.2908          -4254.9481       286.6499     -5157.2389     -4252.3974       299.4751           -126.7024      -123.2941     22804.5325      -220.1174      -220.1140
ENERGY:  380000         0.0000         0.0000         0.0000         0.0000          -5580.6912       363.2467         0.0000         0.0000       981.9047          -4235.5399       311.9425     -5217.4446     -4233.2945       300.1333           -907.2399      -894.6657     22868.7078      -246.1481      -246.3083
ENERGY:  385000         0.0000         0.0000         0.0000         0.0000          -5579.0581       397.1983         0.0000         0.0000       891.2990          -4290.5608       283.1579     -5181.8597     -4288.7842       299.1158             18.5789        14.7346     22825.2815      -253.9805      -254.0502
ENERGY:  390000         0.0000         0.0000         0.0000         0.0000          -5608.2086       387.3114         0.0000         0.0000       920.5370          -4300.3602       292.4465     -5220.8972     -4297.2258       302.1138           -339.5524      -323.7772     22608.2182      -286.1645      -286.2439
ENERGY:  395000         0.0000         0.0000         0.0000         0.0000          -5586.1566       399.2771         0.0000         0.0000       915.6778          -4271.2017       290.9028     -5186.8795     -4270.4728       298.2058           -336.0648      -304.7523     22826.8979      -264.1811      -264.2023
ENERGY:  400000         0.0000         0.0000         0.0000         0.0000          -5602.8022       399.8490         0.0000         0.0000       921.4333          -4281.5199       292.7313     -5202.9532     -4277.7964       294.9747            164.9299       175.1407     22636.9825      -239.8671      -239.8752
ENERGY:  405000         0.0000         0.0000         0.0000         0.0000          -5598.2789       405.4644         0.0000         0.0000       952.4349          -4240.3796       302.5802     -5192.8145     -4238.8394       295.5916            263.1949       285.8152     22592.0024      -179.9113      -180.0899
ENERGY:  410000         0.0000         0.0000         0.0000         0.0000          -5622.0235       365.9937         0.0000         0.0000       934.7611          -4321.2687       296.9654     -5256.0298     -4318.7743       297.7009           -238.8321      -197.5047     22457.2113      -192.7652      -192.8827
ENERGY:  415000         0.0000         0.0000         0.0000         0.0000          -5654.2010       431.7426         0.0000         0.0000       972.1392          -4250.3191       308.8401     -5222.4583     -4248.8838       298.8216            491.2800       512.3824     22494.1122      -216.7327      -216.8486
ENERGY:  420000         0.0000         0.0000         0.0000         0.0000          -5674.3312       405.5071         0.0000         0.0000       968.8542          -4299.9698       307.7965     -5268.8240     -4299.0447       298.5289           -492.8256      -472.4060     22598.4236      -178.8343      -178.8098
ENERGY:  425000         0.0000         0.0000         0.0000         0.0000          -5521.2863       380.6749         0.0000         0.0000       957.9065          -4182.7048       304.3185     -5140.6114     -4179.6187       302.4875           -302.6723      -267.1610     22922.5259      -208.6481      -208.7147
ENERGY:  430000         0.0000         0.0000         0.0000         0.0000          -5503.2212       373.4718         0.0000         0.0000       947.4617          -4182.2877       301.0003     -5129.7494     -4179.6200       303.7541           -156.6515      -135.9169     22935.8303      -253.7635      -253.6813
ENERGY:  435000         0.0000         0.0000         0.0000         0.0000          -5620.3317       418.9647         0.0000         0.0000       882.0458          -4319.3212       280.2182     -5201.3669     -4317.7097       299.4191             93.2526       110.5203     22425.6949      -304.8488      -304.8685
ENERGY:  440000         0.0000         0.0000         0.0000         0.0000          -5609.4768       381.6912         0.0000         0.0000       941.9697          -4285.8159       299.2555     -5227.7856     -4283.0629       298.8215           -427.7388      -422.0649     22643.1198      -152.4270      -152.5056
ENERGY:  445000         0.0000         0.0000         0.0000         0.0000          -5632.3024       408.1587         0.0000         0.0000       957.5635          -4266.5802       304.2095     -5224.1437     -4263.5760       300.5159            285.3921       326.2816     22462.7749      -154.8978      -154.8470
ENERGY:  450000         0.0000         0.0000         0.0000         0.0000          -5527.3183       381.2770         0.0000         0.0000       922.5888          -4223.4525       293.0983     -5146.0413     -4221.2093       300.7831           -228.1149      -186.4378     22870.8777      -241.4451      -241.3351
ENERGY:  455000         0.0000         0.0000         0.0000         0.0000          -5654.5601       436.7686         0.0000         0.0000       916.8779          -4300.9136       291.2841     -5217.7915     -4298.5418       298.2642            -73.9905       -68.5480     22865.5778      -178.1882      -178.1526
ENERGY:  460000         0.0000         0.0000         0.0000         0.0000          -5653.6192       437.1953         0.0000         0.0000       928.2283          -4288.1956       294.8900     -5216.4239     -4286.3117       298.0208            152.6383       165.3810     22626.6253      -256.1639      -256.2271
ENERGY:  465000         0.0000         0.0000         0.0000         0.0000          -5585.4227       383.6556         0.0000         0.0000       957.2565          -4244.5106       304.1120     -5201.7671     -4242.3179       297.4382            -30.1034        -9.8828     22317.2469      -181.5202      -181.4926
ENERGY:  470000         0.0000         0.0000         0.0000         0.0000          -5539.0259       388.0569         0.0000         0.0000       972.2778          -4178.6912       308.8841     -5150.9690     -4176.8945       302.4111           -401.1158      -385.1159     22859.0008      -227.3782      -227.2938
ENERGY:  475000         0.0000         0.0000         0.0000         0.0000          -5565.1755       371.9027         0.0000         0.0000       953.6627          -4239.6101       302.9703     -5193.2728     -4237.8884       307.1435           -611.4130      -596.1436     22841.0891      -223.8317      -223.8595
ENERGY:  480000         0.0000         0.0000         0.0000         0.0000          -5553.2816       381.0919         0.0000         0.0000       908.7325          -4263.4572       288.6963     -5172.1897     -4262.5885       298.3837           -263.3967      -267.2250     22760.8137      -172.8306      -172.8546
ENERGY:  485000         0.0000         0.0000         0.0000         0.0000          -5557.4423       383.2901         0.0000         0.0000       946.3371          -4227.8150       300.6430     -5174.1521     -4225.9369       298.2728           -535.2925      -521.7283     22819.9932      -222.3984      -222.2762
ENERGY:  490000         0.0000         0.0000         0.0000         0.0000          -5590.1141       406.3131         0.0000         0.0000       964.3747          -4219.4263       306.3734     -5183.8010     -4216.1466       299.6935           -110.4483       -87.4799     22786.7312      -208.1532      -208.1615
ENERGY:  495000         0.0000         0.0000         0.0000         0.0000          -5489.5387       359.1961         0.0000         0.0000       966.5367          -4163.8059       307.0602     -5130.3427     -4161.5618       305.0377           -407.5862      -400.0666     22716.2533      -284.4993      -284.5550
ENERGY:  500000         0.0000         0.0000         0.0000         0.0000          -5640.6461       400.1957         0.0000         0.0000       916.1636          -4324.2867       291.0571     -5240.4503     -4320.8130       301.0176           -416.3657      -386.5078     22548.0941      -230.3683      -230.4172
