# frame +z -z 
10 0 0
20 0 0
30 0 0
40 0 0
50 0 0
60 0 0
70 0 0
80 0 0
90 0 0
100 0 0
110 0 0
120 0 0
130 0 0
140 0 0
150 0 0
160 0 0
170 0 0
180 0 0
190 0 0
200 0 0
210 0 0
220 0 0
230 0 0
240 0 0
250 0 0
260 0 1
270 0 1
280 0 1
290 0 1
300 0 1
310 0 1
320 0 1
330 1 1
340 2 1
350 3 1
360 3 2
370 3 2
380 3 2
390 3 2
400 3 2
410 3 2
420 3 2
430 3 2
440 3 2
450 3 2
460 3 2
470 3 2
480 3 2
490 3 2
500 3 2
510 3 2
520 3 2
530 3 4
540 3 5
550 3 5
560 3 5
570 3 6
580 3 6
590 3 7
600 3 7
610 3 7
620 3 7
630 3 8
640 3 8
650 3 8
660 3 8
670 3 8
680 3 8
690 3 8
700 3 8
710 3 8
720 3 8
730 3 9
740 3 9
750 3 10
760 3 11
770 3 11
780 4 11
790 4 11
800 4 12
810 4 12
820 4 12
830 4 13
840 4 14
850 4 15
860 4 15
870 4 15
880 4 15
890 4 15
900 4 15
910 4 15
920 4 15
930 4 15
940 5 16
950 5 17
960 6 17
970 6 17
980 6 17
990 6 17
1000 6 17
